/home/ubuntu/projects/hindsight/src/timeseries.py:428: AccessorRegistrationWarning: registration of accessor <class 'src.timeseries.DataArrayDateTimeAccessor'> under name 'dt' for type <class 'xarray.core.dataarray.DataArray'> is overriding a preexisting attribute with the same name.
  @xr.register_dataarray_accessor('dt')
/home/ubuntu/projects/hindsight/main.py:63: FutureWarning: 'Q' is deprecated and will be removed in a future version, please use 'QE' instead.
  dates = pd.date_range(start_date, end_date, freq=freq)
Creating sample returns and characteristics datasets...

Returns DataArray shape: (6, 12, 31, 5)
<xarray.DataArray 'returns' (year: 5, month: 5, day: 5, asset: 5)> Size: 5kB
array([[[[0.0317171 , 0.36306155, 0.35941914,        nan, 0.01871992],
         [0.0317171 , 0.36306155, 0.35941914,        nan, 0.01871992],
         [0.0317171 , 0.36306155, 0.35941914,        nan, 0.01871992],
         [0.0317171 , 0.36306155, 0.35941914,        nan, 0.01871992],
         [0.0317171 , 0.36306155, 0.35941914,        nan, 0.01871992]],

        [[0.0317171 , 0.36306155, 0.35941914,        nan, 0.01871992],
         [0.0317171 , 0.36306155, 0.35941914,        nan, 0.01871992],
         [0.0317171 , 0.36306155, 0.35941914,        nan, 0.01871992],
         [0.0317171 , 0.36306155, 0.35941914,        nan, 0.01871992],
         [0.0317171 , 0.36306155, 0.35941914,        nan, 0.01871992]],

        [[0.0317171 , 0.36306155, 0.35941914,        nan, 0.01871992],
         [0.0317171 , 0.36306155, 0.35941914,        nan, 0.01871992],
         [0.0317171 , 0.36306155, 0.35941914,        nan, 0.01871992],
         [0.0317171 , 0.36306155, 0.35941914,        nan, 0.01871992],
         [0.0317171 , 0.36306155, 0.35941914,        nan, 0.01871992]],

        [[0.0317171 , 0.36306155, 0.35941914,        nan, 0.01871992],
         [0.0317171 , 0.36306155, 0.35941914,        nan, 0.01871992],
...
         [0.0317171 , 0.36306155, 0.35941914,        nan, 0.01871992],
         [0.0317171 , 0.36306155, 0.35941914,        nan, 0.01871992]],

        [[0.0317171 , 0.36306155, 0.35941914,        nan, 0.01871992],
         [0.0317171 , 0.36306155, 0.35941914,        nan, 0.01871992],
         [0.0317171 , 0.36306155, 0.35941914,        nan, 0.01871992],
         [0.0317171 , 0.36306155, 0.35941914,        nan, 0.01871992],
         [0.0317171 , 0.36306155, 0.35941914,        nan, 0.01871992]],

        [[0.0317171 , 0.36306155, 0.35941914,        nan, 0.01871992],
         [0.0317171 , 0.36306155, 0.35941914,        nan, 0.01871992],
         [0.0317171 , 0.36306155, 0.35941914,        nan, 0.01871992],
         [0.0317171 , 0.36306155, 0.35941914,        nan, 0.01871992],
         [0.0317171 , 0.36306155, 0.35941914,        nan, 0.01871992]],

        [[0.0317171 , 0.36306155, 0.35941914,        nan, 0.01871992],
         [0.0317171 , 0.36306155, 0.35941914,        nan, 0.01871992],
         [0.0317171 , 0.36306155, 0.35941914,        nan, 0.01871992],
         [0.0317171 , 0.36306155, 0.35941914,        nan, 0.01871992],
         [0.0317171 , 0.36306155, 0.35941914,        nan, 0.01871992]]]])
Coordinates:
  * year     (year) int32 20B 2019 2019 2019 2019 2019
  * month    (month) int64 40B 1 1 1 1 1
  * day      (day) int64 40B 1 1 1 1 1
  * asset    (asset) object 40B 'AAPL' 'AMZN' 'FB' 'GOOG' 'MSFT'
    time     (year, month, day, asset) datetime64[ns] 5kB 2019-01-01 ... 2019...
Characteristics DataArray shape: (6, 12, 31, 4, 2)
<xarray.DataArray 'returns' (year: 5, month: 5, day: 5, asset: 5)> Size: 5kB
array([[[[0.0317171 , 0.36306155, 0.35941914,        nan, 0.01871992],
         [0.0317171 , 0.36306155, 0.35941914,        nan, 0.01871992],
         [0.0317171 , 0.36306155, 0.35941914,        nan, 0.01871992],
         [0.0317171 , 0.36306155, 0.35941914,        nan, 0.01871992],
         [0.0317171 , 0.36306155, 0.35941914,        nan, 0.01871992]],

        [[0.0317171 , 0.36306155, 0.35941914,        nan, 0.01871992],
         [0.0317171 , 0.36306155, 0.35941914,        nan, 0.01871992],
         [0.0317171 , 0.36306155, 0.35941914,        nan, 0.01871992],
         [0.0317171 , 0.36306155, 0.35941914,        nan, 0.01871992],
         [0.0317171 , 0.36306155, 0.35941914,        nan, 0.01871992]],

        [[0.0317171 , 0.36306155, 0.35941914,        nan, 0.01871992],
         [0.0317171 , 0.36306155, 0.35941914,        nan, 0.01871992],
         [0.0317171 , 0.36306155, 0.35941914,        nan, 0.01871992],
         [0.0317171 , 0.36306155, 0.35941914,        nan, 0.01871992],
         [0.0317171 , 0.36306155, 0.35941914,        nan, 0.01871992]],

        [[0.0317171 , 0.36306155, 0.35941914,        nan, 0.01871992],
         [0.0317171 , 0.36306155, 0.35941914,        nan, 0.01871992],
...
         [0.0317171 , 0.36306155, 0.35941914,        nan, 0.01871992],
         [0.0317171 , 0.36306155, 0.35941914,        nan, 0.01871992]],

        [[0.0317171 , 0.36306155, 0.35941914,        nan, 0.01871992],
         [0.0317171 , 0.36306155, 0.35941914,        nan, 0.01871992],
         [0.0317171 , 0.36306155, 0.35941914,        nan, 0.01871992],
         [0.0317171 , 0.36306155, 0.35941914,        nan, 0.01871992],
         [0.0317171 , 0.36306155, 0.35941914,        nan, 0.01871992]],

        [[0.0317171 , 0.36306155, 0.35941914,        nan, 0.01871992],
         [0.0317171 , 0.36306155, 0.35941914,        nan, 0.01871992],
         [0.0317171 , 0.36306155, 0.35941914,        nan, 0.01871992],
         [0.0317171 , 0.36306155, 0.35941914,        nan, 0.01871992],
         [0.0317171 , 0.36306155, 0.35941914,        nan, 0.01871992]],

        [[0.0317171 , 0.36306155, 0.35941914,        nan, 0.01871992],
         [0.0317171 , 0.36306155, 0.35941914,        nan, 0.01871992],
         [0.0317171 , 0.36306155, 0.35941914,        nan, 0.01871992],
         [0.0317171 , 0.36306155, 0.35941914,        nan, 0.01871992],
         [0.0317171 , 0.36306155, 0.35941914,        nan, 0.01871992]]]])
Coordinates:
  * year     (year) int32 20B 2019 2019 2019 2019 2019
  * month    (month) int64 40B 1 1 1 1 1
  * day      (day) int64 40B 1 1 1 1 1
  * asset    (asset) object 40B 'AAPL' 'AMZN' 'FB' 'GOOG' 'MSFT'
    time     (year, month, day, asset) datetime64[ns] 5kB 2019-01-01 ... 2019...
